return {
-- Veh (13453 keyframes)
[1] = {CFrame.new(52.003,4.056,399.134,0.596792,-0.012301,-0.802302,-0.000016,0.999882,-0.015342,0.802396,0.009169,0.596721), 0.0000},
[2] = {CFrame.new(52.530,4.052,398.741,0.596790,-0.017998,-0.802196,-0.000037,0.999748,-0.022459,0.802398,0.013433,0.596638), 3.3238},
[3] = {CFrame.new(54.823,4.079,397.028,0.598193,-0.031202,-0.800744,-0.001352,0.999201,-0.039946,0.801351,0.024978,0.597673), 3.6768},
[4] = {CFrame.new(58.253,4.092,394.455,0.597378,-0.021882,-0.801661,-0.000111,0.999625,-0.027369,0.801959,0.016439,0.597152), 3.9662},
[5] = {CFrame.new(60.112,4.084,393.068,0.597219,-0.021769,-0.801782,-0.000126,0.999629,-0.027234,0.802078,0.016366,0.596995), 4.1270},
[6] = {CFrame.new(60.206,4.083,392.998,0.597211,-0.021745,-0.801789,-0.000138,0.999630,-0.027214,0.802084,0.016363,0.596987), 4.1371},
[7] = {CFrame.new(60.439,4.082,392.824,0.597189,-0.021680,-0.801807,-0.000169,0.999631,-0.027155,0.802100,0.016353,0.596965), 4.1583},
[8] = {CFrame.new(64.057,4.054,390.221,0.583885,-0.024504,-0.811467,0.006838,0.999657,-0.025267,0.811808,0.009204,0.583852), 4.4825},
[9] = {CFrame.new(64.105,4.053,390.190,0.583557,-0.024524,-0.811702,0.006815,0.999657,-0.025304,0.812044,0.009235,0.583524), 4.4894},
[10] = {CFrame.new(64.152,4.053,390.158,0.583236,-0.024542,-0.811932,0.006779,0.999656,-0.025347,0.812274,0.009279,0.583202), 4.4923},
[11] = {CFrame.new(65.564,4.031,389.226,0.576190,-0.024787,-0.816940,0.003259,0.999602,-0.028031,0.817310,0.013489,0.576041), 4.6122},
[12] = {CFrame.new(68.490,4.044,387.288,0.562060,-0.032497,-0.826458,0.005072,0.999344,-0.035845,0.827081,0.015955,0.561856), 4.8075},
[13] = {CFrame.new(68.490,4.044,387.288,0.562060,-0.032497,-0.826458,0.005072,0.999344,-0.035845,0.827081,0.015955,0.561856), 4.8096},
[14] = {CFrame.new(68.559,4.044,387.244,0.561358,-0.032596,-0.826931,0.005405,0.999347,-0.035723,0.827555,0.015584,0.561168), 4.8131},
[15] = {CFrame.new(69.925,4.052,386.387,0.550824,-0.039726,-0.833676,0.008482,0.999081,-0.042003,0.834579,0.016065,0.550655), 4.8911},
[16] = {CFrame.new(72.311,4.046,384.921,0.538364,-0.030721,-0.842152,0.005610,0.999444,-0.032872,0.842694,0.012972,0.538237), 5.0043},
[17] = {CFrame.new(74.643,4.052,383.490,0.533160,-0.031661,-0.845422,0.000824,0.999318,-0.036905,0.846014,0.018980,0.532823), 5.1097},
[18] = {CFrame.new(79.689,4.058,380.347,0.526174,-0.036895,-0.849576,-0.001326,0.999022,-0.044206,0.850376,0.024387,0.525611), 5.2934},
[19] = {CFrame.new(80.707,4.067,379.712,0.525189,-0.036312,-0.850210,-0.000775,0.999068,-0.043149,0.850985,0.023320,0.524672), 5.3272},
[20] = {CFrame.new(89.352,4.092,374.352,0.519647,-0.037680,-0.853550,0.002421,0.999088,-0.042631,0.854378,0.020087,0.519264), 5.5758},
[21] = {CFrame.new(97.880,4.114,369.111,0.521650,-0.021834,-0.852880,-0.003022,0.999619,-0.027439,0.853154,0.016891,0.521385), 5.7996},
[22] = {CFrame.new(100.041,4.106,367.733,0.534085,-0.013738,-0.845319,-0.014333,0.999577,-0.025301,0.845309,0.025629,0.533662), 5.8586},
[23] = {CFrame.new(100.041,4.106,367.733,0.534085,-0.013738,-0.845319,-0.014333,0.999577,-0.025301,0.845309,0.025629,0.533662), 5.8607},
[24] = {CFrame.new(100.193,4.105,367.632,0.535394,-0.012933,-0.844503,-0.015435,0.999566,-0.025093,0.844461,0.026470,0.534962), 5.8638},
[25] = {CFrame.new(101.398,4.093,366.823,0.547188,-0.004352,-0.836998,-0.025755,0.999425,-0.022034,0.836613,0.033613,0.546762), 5.8970},
[26] = {CFrame.new(101.398,4.093,366.823,0.547188,-0.004352,-0.836998,-0.025755,0.999425,-0.022034,0.836613,0.033613,0.546762), 5.8970},
[27] = {CFrame.new(101.545,4.091,366.721,0.548767,-0.003033,-0.835970,-0.027129,0.999402,-0.021435,0.835535,0.034442,0.548357), 5.9010},
[28] = {CFrame.new(102.702,4.076,365.905,0.561263,0.008121,-0.827598,-0.036449,0.999224,-0.014914,0.826834,0.038536,0.561124), 5.9329},
[29] = {CFrame.new(102.702,4.076,365.905,0.561263,0.008121,-0.827598,-0.036449,0.999224,-0.014914,0.826834,0.038536,0.561124), 5.9349},
[30] = {CFrame.new(102.843,4.074,365.804,0.562751,0.009542,-0.826571,-0.037365,0.999205,-0.013904,0.825781,0.038710,0.562660), 5.9378},
[31] = {CFrame.new(104.064,4.064,364.899,0.574965,0.021738,-0.817889,-0.043582,0.999041,-0.004084,0.817017,0.037993,0.575361), 5.9749},
[32] = {CFrame.new(104.064,4.064,364.899,0.574965,0.021738,-0.817889,-0.043582,0.999041,-0.004084,0.817017,0.037993,0.575361), 5.9749},
[33] = {CFrame.new(104.195,4.063,364.800,0.576168,0.022884,-0.817011,-0.043940,0.999030,-0.003005,0.816149,0.037631,0.576615), 5.9777},
[34] = {CFrame.new(105.692,4.062,363.641,0.587270,0.031080,-0.808794,-0.041866,0.999091,0.007993,0.808307,0.029167,0.588038), 6.0283},
[35] = {CFrame.new(105.692,4.062,363.641,0.587270,0.031080,-0.808794,-0.041866,0.999091,0.007993,0.808307,0.029167,0.588038), 6.0301},
[36] = {CFrame.new(105.811,4.062,363.547,0.587938,0.031314,-0.808300,-0.041371,0.999107,0.008614,0.807847,0.028376,0.588708), 6.0334},
[37] = {CFrame.new(107.776,4.068,361.953,0.599380,0.021525,-0.800175,-0.029524,0.999553,0.004774,0.799920,0.020763,0.599747), 6.1072},
[38] = {CFrame.new(109.559,4.068,360.478,0.607470,0.008298,-0.794300,-0.015853,0.999873,-0.001679,0.794185,0.013612,0.607524), 6.1721},
[39] = {CFrame.new(111.762,4.076,358.637,0.618538,0.006660,-0.785727,-0.005673,0.999976,0.004010,0.785734,0.001977,0.618561), 6.2633},
[40] = {CFrame.new(113.217,4.081,357.373,0.632200,0.009597,-0.774746,-0.009683,0.999943,0.004485,0.774744,0.004666,0.632257), 6.3343},
[41] = {CFrame.new(113.217,4.081,357.373,0.632200,0.009597,-0.774746,-0.009683,0.999943,0.004485,0.774744,0.004666,0.632257), 6.3343},
[42] = {CFrame.new(113.298,4.082,357.300,0.633467,0.009756,-0.773708,-0.010461,0.999937,0.004044,0.773699,0.005533,0.633529), 6.3415},
[43] = {CFrame.new(114.169,4.083,356.489,0.646041,0.009462,-0.763244,-0.017324,0.999847,-0.002269,0.763106,0.014689,0.646106), 6.3832},
[44] = {CFrame.new(114.169,4.083,356.489,0.646041,0.009462,-0.763244,-0.017324,0.999847,-0.002269,0.763106,0.014689,0.646106), 6.3851},
[45] = {CFrame.new(114.247,4.084,356.414,0.647288,0.009419,-0.762187,-0.018001,0.999834,-0.002931,0.762033,0.015617,0.647350), 6.3891},
[46] = {CFrame.new(114.853,4.092,355.809,0.660502,0.011282,-0.750739,-0.026186,0.999625,-0.008016,0.750367,0.024954,0.660550), 6.4213},
[47] = {CFrame.new(114.853,4.092,355.809,0.660502,0.011282,-0.750739,-0.026186,0.999625,-0.008016,0.750367,0.024954,0.660550), 6.4241},
[48] = {CFrame.new(114.927,4.093,355.732,0.662395,0.011743,-0.749063,-0.027426,0.999587,-0.008582,0.748653,0.026229,0.662443), 6.4270},
[49] = {CFrame.new(115.364,4.097,355.263,0.674358,0.015406,-0.738244,-0.035006,0.999325,-0.011123,0.737575,0.033344,0.674442), 6.4512},
[50] = {CFrame.new(115.364,4.097,355.263,0.674358,0.015406,-0.738244,-0.035006,0.999325,-0.011123,0.737575,0.033344,0.674442), 6.4526},
[51] = {CFrame.new(115.435,4.097,355.184,0.676365,0.016045,-0.736392,-0.036116,0.999283,-0.011399,0.735680,0.034305,0.676459), 6.4562},
[52] = {CFrame.new(115.928,4.097,354.619,0.689556,0.019782,-0.723962,-0.041879,0.999043,-0.012590,0.723021,0.039000,0.689725), 6.4830},
[53] = {CFrame.new(115.928,4.097,354.619,0.689556,0.019782,-0.723962,-0.041879,0.999043,-0.012590,0.723021,0.039000,0.689725), 6.4847},
[54] = {CFrame.new(115.997,4.096,354.538,0.691353,0.020224,-0.722234,-0.042512,0.999015,-0.012720,0.721265,0.039497,0.691532), 6.4879},
[55] = {CFrame.new(116.269,4.096,354.208,0.698934,0.022188,-0.714842,-0.045223,0.998890,-0.013212,0.713755,0.041562,0.699161), 6.5083},
[56] = {CFrame.new(116.662,4.098,353.705,0.711990,0.025973,-0.701709,-0.050048,0.998651,-0.013817,0.700404,0.044957,0.712330), 6.5296},
[57] = {CFrame.new(116.662,4.098,353.705,0.711990,0.025973,-0.701709,-0.050048,0.998651,-0.013817,0.700404,0.044957,0.712330), 6.5296},
[58] = {CFrame.new(116.725,4.098,353.620,0.714313,0.026710,-0.699316,-0.050922,0.998606,-0.013872,0.697971,0.045520,0.714678), 6.5321},
[59] = {CFrame.new(116.975,4.098,353.277,0.723662,0.029527,-0.689522,-0.053871,0.998453,-0.013783,0.688048,0.047119,0.724133), 6.5522},
[60] = {CFrame.new(117.338,4.096,352.755,0.736997,0.033047,-0.675088,-0.056651,0.998310,-0.012976,0.673518,0.047808,0.737623), 6.5749},
[61] = {CFrame.new(117.338,4.096,352.755,0.736997,0.033047,-0.675088,-0.056651,0.998310,-0.012976,0.673518,0.047808,0.737623), 6.5765},
[62] = {CFrame.new(117.397,4.095,352.667,0.739073,0.033552,-0.672790,-0.056978,0.998293,-0.012807,0.671212,0.047799,0.739723), 6.5797},
[63] = {CFrame.new(117.744,4.092,352.133,0.751155,0.035152,-0.659190,-0.057303,0.998284,-0.012063,0.657634,0.046835,0.751880), 6.6056},
[64] = {CFrame.new(117.744,4.092,352.133,0.751155,0.035152,-0.659190,-0.057303,0.998284,-0.012063,0.657634,0.046835,0.751880), 6.6056},
[65] = {CFrame.new(117.801,4.091,352.044,0.753147,0.035265,-0.656907,-0.057226,0.998289,-0.012019,0.655359,0.046644,0.753876), 6.6081},
[66] = {CFrame.new(118.131,4.090,351.503,0.765437,0.035869,-0.642511,-0.056955,0.998303,-0.012120,0.640986,0.045871,0.766181), 6.6347},
[67] = {CFrame.new(118.131,4.090,351.503,0.765437,0.035869,-0.642511,-0.056955,0.998303,-0.012120,0.640986,0.045871,0.766181), 6.6347},
[68] = {CFrame.new(118.184,4.090,351.413,0.767526,0.035924,-0.640010,-0.056889,0.998306,-0.012188,0.638488,0.045765,0.768270), 6.6369},
[69] = {CFrame.new(118.497,4.088,350.865,0.779943,0.035917,-0.624819,-0.056013,0.998351,-0.012531,0.623339,0.044772,0.780669), 6.6622},
[70] = {CFrame.new(118.497,4.088,350.865,0.779943,0.035917,-0.624819,-0.056013,0.998351,-0.012531,0.623339,0.044772,0.780669), 6.6622},
[71] = {CFrame.new(118.548,4.087,350.773,0.781905,0.035776,-0.622371,-0.055675,0.998370,-0.012557,0.620907,0.044469,0.782622), 6.6681},
[72] = {CFrame.new(118.850,4.081,350.218,0.792750,0.034038,-0.608595,-0.052467,0.998544,-0.012497,0.607284,0.041838,0.793382), 6.6933},
[73] = {CFrame.new(119.193,4.070,349.567,0.803858,0.030194,-0.594054,-0.046530,0.998842,-0.012195,0.592998,0.037444,0.804333), 6.7203},
[74] = {CFrame.new(119.530,4.060,348.914,0.813649,0.025209,-0.580810,-0.039441,0.999151,-0.011887,0.580017,0.032579,0.813952), 6.7524},
[75] = {CFrame.new(119.813,4.051,348.355,0.821201,0.020586,-0.570267,-0.033190,0.999380,-0.011719,0.569673,0.028550,0.821375), 6.7792},
[76] = {CFrame.new(120.185,4.042,347.612,0.830341,0.014450,-0.557069,-0.025270,0.999612,-0.011737,0.556683,0.023823,0.830383), 6.8110},
[77] = {CFrame.new(120.185,4.042,347.612,0.830341,0.014450,-0.557069,-0.025270,0.999612,-0.011737,0.556683,0.023823,0.830383), 6.8110},
[78] = {CFrame.new(120.230,4.042,347.520,0.831442,0.013629,-0.555445,-0.024279,0.999635,-0.011815,0.555081,0.023309,0.831469), 6.8131},
[79] = {CFrame.new(120.630,4.042,346.688,0.841104,0.005846,-0.540842,-0.015400,0.999795,-0.013142,0.540654,0.019383,0.841021), 6.8526},
[80] = {CFrame.new(121.023,4.045,345.861,0.849699,-0.000728,-0.527267,-0.008023,0.999865,-0.014311,0.527206,0.016390,0.849579), 6.8887},
[81] = {CFrame.new(121.499,4.047,344.855,0.858969,-0.006606,-0.511985,-0.001337,0.999884,-0.015144,0.512026,0.013693,0.858861), 6.9344},
[82] = {CFrame.new(122.012,4.048,343.764,0.868058,-0.009702,-0.496368,0.002237,0.999875,-0.015632,0.496458,0.012459,0.867971), 6.9845},
[83] = {CFrame.new(122.695,4.069,342.335,0.876625,-0.014325,-0.480961,0.005298,0.999783,-0.020123,0.481145,0.015092,0.876511), 7.0523},
[84] = {CFrame.new(123.551,4.075,340.563,0.885116,-0.013489,-0.465175,0.003661,0.999751,-0.022024,0.465356,0.017791,0.884945), 7.1337},
[85] = {CFrame.new(123.551,4.075,340.563,0.885116,-0.013489,-0.465175,0.003661,0.999751,-0.022024,0.465356,0.017791,0.884945), 7.1337},
[86] = {CFrame.new(123.593,4.074,340.475,0.885527,-0.013178,-0.464401,0.003406,0.999755,-0.021876,0.464576,0.017790,0.885355), 7.1361},
[87] = {CFrame.new(124.169,4.063,339.232,0.893180,-0.005234,-0.449669,-0.004158,0.999793,-0.019895,0.449680,0.019639,0.892974), 7.1957},
[88] = {CFrame.new(124.169,4.063,339.232,0.893180,-0.005234,-0.449669,-0.004158,0.999793,-0.019895,0.449680,0.019639,0.892974), 7.1957},
[89] = {CFrame.new(124.209,4.062,339.143,0.893830,-0.004485,-0.448384,-0.004916,0.999792,-0.019801,0.448380,0.019903,0.893622), 7.1984},
[90] = {CFrame.new(124.592,4.058,338.244,0.901012,0.003972,-0.433776,-0.013767,0.999716,-0.019442,0.433576,0.023489,0.900811), 7.2426},
[91] = {CFrame.new(124.592,4.058,338.244,0.901012,0.003972,-0.433776,-0.013767,0.999716,-0.019442,0.433576,0.023489,0.900811), 7.2446},
[92] = {CFrame.new(124.629,4.057,338.153,0.901819,0.004911,-0.432085,-0.014773,0.999701,-0.019470,0.431861,0.023942,0.901623), 7.2492},
[93] = {CFrame.new(124.738,4.057,337.880,0.904346,0.007827,-0.426727,-0.017911,0.999647,-0.019622,0.426423,0.025388,0.904167), 7.2622},
[94] = {CFrame.new(125.012,4.058,337.142,0.911696,0.016051,-0.410552,-0.026780,0.999433,-0.020394,0.409992,0.029588,0.911609), 7.2945},
[95] = {CFrame.new(125.012,4.058,337.142,0.911696,0.016051,-0.410552,-0.026780,0.999433,-0.020394,0.409992,0.029588,0.911609), 7.2945},
[96] = {CFrame.new(125.044,4.058,337.049,0.912625,0.017122,-0.408438,-0.027915,0.999400,-0.020479,0.407843,0.030091,0.912556), 7.2976},
[97] = {CFrame.new(125.076,4.059,336.955,0.913545,0.018175,-0.406332,-0.029018,0.999368,-0.020540,0.405702,0.030555,0.913495), 7.3043},
[98] = {CFrame.new(125.288,4.065,336.292,0.920090,0.023750,-0.390987,-0.034642,0.999183,-0.020828,0.390173,0.032708,0.920160), 7.3280},
[99] = {CFrame.new(125.288,4.065,336.292,0.920090,0.023750,-0.390987,-0.034642,0.999183,-0.020828,0.390173,0.032708,0.920160), 7.3295},
[100] = {CFrame.new(125.317,4.066,336.196,0.921049,0.024364,-0.388685,-0.035262,0.999159,-0.020928,0.387848,0.032982,0.921133), 7.3336},
[101] = {CFrame.new(125.507,4.076,335.520,0.928214,0.029362,-0.370885,-0.040347,0.998946,-0.021893,0.369851,0.035285,0.928421), 7.3629},
[102] = {CFrame.new(125.507,4.076,335.520,0.928214,0.029362,-0.370885,-0.040347,0.998946,-0.021893,0.369851,0.035285,0.928421), 7.3629},
[103] = {CFrame.new(125.532,4.077,335.423,0.929292,0.030107,-0.368118,-0.041078,0.998914,-0.022003,0.367056,0.035569,0.929519), 7.3663},
[104] = {CFrame.new(125.674,4.083,334.831,0.936004,0.034676,-0.350277,-0.045397,0.998717,-0.022439,0.349050,0.036904,0.936377), 7.3918},
[105] = {CFrame.new(125.674,4.083,334.831,0.936004,0.034676,-0.350277,-0.045397,0.998717,-0.022439,0.349050,0.036904,0.936377), 7.3935},
[106] = {CFrame.new(125.696,4.084,334.732,0.937137,0.035431,-0.347157,-0.046076,0.998686,-0.022454,0.345905,0.037038,0.937538), 7.3965},
[107] = {CFrame.new(125.819,4.086,334.127,0.943660,0.038884,-0.328623,-0.048880,0.998558,-0.022208,0.327285,0.037020,0.944200), 7.4190},
[108] = {CFrame.new(125.819,4.086,334.127,0.943660,0.038884,-0.328623,-0.048880,0.998558,-0.022208,0.327285,0.037020,0.944200), 7.4229},
[109] = {CFrame.new(125.927,4.085,333.512,0.949688,0.041781,-0.310398,-0.050883,0.998478,-0.021280,0.309036,0.036003,0.950369), 7.4469},
[110] = {CFrame.new(125.927,4.085,333.512,0.949688,0.041781,-0.310398,-0.050883,0.998478,-0.021280,0.309036,0.036003,0.950369), 7.4469},
[111] = {CFrame.new(125.944,4.084,333.409,0.950686,0.042334,-0.307252,-0.051273,0.998462,-0.021077,0.305887,0.035791,0.951395), 7.4502},
[112] = {CFrame.new(126.023,4.083,332.890,0.955807,0.044208,-0.290651,-0.052170,0.998444,-0.019697,0.289328,0.033989,0.956626), 7.4710},
[113] = {CFrame.new(126.106,4.082,332.261,0.961235,0.045836,-0.271895,-0.052637,0.998456,-0.017769,0.270661,0.031392,0.962163), 7.4967},
[114] = {CFrame.new(126.106,4.082,332.261,0.961235,0.045836,-0.271895,-0.052637,0.998456,-0.017769,0.270661,0.031392,0.962163), 7.4967},
[115] = {CFrame.new(126.119,4.082,332.155,0.962032,0.045995,-0.269034,-0.052623,0.998462,-0.017472,0.267817,0.030966,0.962972), 7.5004},
[116] = {CFrame.new(126.189,4.081,331.515,0.966602,0.045025,-0.252297,-0.050701,0.998585,-0.016037,0.251218,0.028293,0.967517), 7.5271},
[117] = {CFrame.new(126.262,4.078,330.762,0.971350,0.041592,-0.233984,-0.046305,0.998819,-0.014684,0.233097,0.025098,0.972129), 7.5560},
[118] = {CFrame.new(126.326,4.074,330.005,0.975448,0.036762,-0.217138,-0.040648,0.999083,-0.013454,0.216444,0.021950,0.976048), 7.5867},
[119] = {CFrame.new(126.389,4.070,329.140,0.979413,0.031122,-0.199454,-0.034213,0.999342,-0.012069,0.198947,0.018645,0.979833), 7.6189},
[120] = {CFrame.new(126.447,4.071,328.279,0.982730,0.023770,-0.183514,-0.026465,0.999575,-0.012249,0.183145,0.016894,0.982941), 7.6501},
[121] = {CFrame.new(126.515,4.077,327.207,0.985831,0.014941,-0.167075,-0.017463,0.999755,-0.013636,0.166830,0.016360,0.985850), 7.6921},
[122] = {CFrame.new(126.578,4.080,326.139,0.988674,0.009760,-0.149759,-0.012106,0.999818,-0.014763,0.149588,0.016409,0.988612), 7.7333},
[123] = {CFrame.new(126.629,4.080,325.070,0.991294,0.009165,-0.131350,-0.011312,0.999814,-0.015609,0.131182,0.016959,0.991213), 7.7746},
[124] = {CFrame.new(126.659,4.078,324.213,0.993416,0.010750,-0.114060,-0.012702,0.999785,-0.016396,0.113859,0.017737,0.993339), 7.8090},
[125] = {CFrame.new(126.659,4.078,324.213,0.993416,0.010750,-0.114060,-0.012702,0.999785,-0.016396,0.113859,0.017737,0.993339), 7.8109},
[126] = {CFrame.new(126.662,4.077,324.105,0.993660,0.011061,-0.111882,-0.012987,0.999779,-0.016504,0.111674,0.017853,0.993584), 7.8144},
[127] = {CFrame.new(126.677,4.077,323.129,0.995484,0.014597,-0.093804,-0.016356,0.999704,-0.018006,0.093513,0.019459,0.995428), 7.8507},
[128] = {CFrame.new(126.681,4.077,322.026,0.997000,0.016474,-0.075623,-0.018065,0.999629,-0.020405,0.075259,0.021710,0.996928), 7.8919},
[129] = {CFrame.new(126.675,4.075,320.865,0.998081,0.016451,-0.059696,-0.018129,0.999452,-0.027679,0.059207,0.028708,0.997833), 7.9349},
[130] = {CFrame.new(126.662,4.073,319.374,0.998936,0.014324,-0.043839,-0.015955,0.999185,-0.037077,0.043273,0.037737,0.998350), 7.9854},
[131] = {CFrame.new(126.644,4.064,317.239,0.999587,0.007946,-0.027602,-0.009083,0.999104,-0.041332,0.027249,0.041565,0.998764), 8.0491},
[132] = {CFrame.new(126.616,4.050,315.178,0.999901,0.005792,-0.012811,-0.006184,0.999507,-0.030765,0.012627,0.030841,0.999445), 8.1126},
[133] = {CFrame.new(126.573,4.045,313.224,0.999978,0.006555,0.000211,-0.006549,0.999714,-0.022990,-0.000362,0.022988,0.999736), 8.1732},
[134] = {CFrame.new(126.462,4.042,309.344,0.999844,0.006098,0.016605,-0.005598,0.999534,-0.029991,-0.016780,0.029894,0.999412), 8.2806},
[135] = {CFrame.new(126.309,4.107,304.281,0.999655,0.001858,0.026190,-0.000703,0.999029,-0.044053,-0.026247,0.044019,0.998686), 8.4087},
[136] = {CFrame.new(126.047,4.316,295.298,0.999484,0.002120,0.032052,-0.000524,0.998762,-0.049742,-0.032118,0.049700,0.998248), 8.6393},
[137] = {CFrame.new(125.982,4.390,293.243,0.999487,0.002365,0.031934,-0.000785,0.998778,-0.049416,-0.032012,0.049366,0.998268), 8.6934},
[138] = {CFrame.new(125.932,4.447,291.682,0.999492,0.002302,0.031792,-0.000739,0.998794,-0.049093,-0.031867,0.049044,0.998288), 8.7360},
[139] = {CFrame.new(125.878,4.508,289.986,0.999499,0.002129,0.031584,-0.000584,0.998806,-0.048847,-0.031651,0.048804,0.998307), 8.7821},
[140] = {CFrame.new(125.657,4.704,282.194,0.999735,-0.005531,0.022358,0.006311,0.999367,-0.034997,-0.022150,0.035129,0.999137), 8.9944},
[141] = {CFrame.new(125.657,4.704,282.194,0.999735,-0.005531,0.022358,0.006311,0.999367,-0.034997,-0.022150,0.035129,0.999137), 8.9944},
[142] = {CFrame.new(125.654,4.705,282.046,0.999741,-0.005753,0.022029,0.006508,0.999387,-0.034388,-0.021818,0.034523,0.999166), 8.9998},
[143] = {CFrame.new(125.594,4.772,277.184,0.999861,-0.005788,0.015633,0.006076,0.999812,-0.018397,-0.015523,0.018490,0.999709), 9.1396},
[144] = {CFrame.new(125.568,4.806,274.668,0.999903,-0.003426,0.013482,0.003600,0.999910,-0.012923,-0.013436,0.012971,0.999826), 9.2104},
[145] = {CFrame.new(125.510,4.776,268.189,0.999939,-0.000215,0.011084,0.000549,0.999546,-0.030117,-0.011072,0.030122,0.999485), 9.3829},
[146] = {CFrame.new(125.497,4.771,266.846,0.999941,0.000224,0.010880,0.000148,0.999416,-0.034167,-0.010882,0.034166,0.999357), 9.4202},
[147] = {CFrame.new(125.453,4.732,262.250,0.999936,0.000902,0.011241,-0.000619,0.999684,-0.025121,-0.011260,0.025113,0.999621), 9.5276},
[148] = {CFrame.new(125.384,4.631,255.468,0.999928,0.001202,0.011943,-0.001112,0.999971,-0.007496,-0.011952,0.007482,0.999901), 9.6714},
[149] = {CFrame.new(125.376,4.611,254.449,0.999918,0.000167,0.012791,-0.000117,0.999992,-0.003881,-0.012792,0.003879,0.999911), 9.6960},
[150] = {CFrame.new(125.359,4.563,252.403,0.999904,-0.001003,0.013843,0.000950,0.999992,0.003836,-0.013847,-0.003822,0.999897), 9.7358},
[151] = {CFrame.new(125.268,4.296,245.009,0.999921,0.001157,0.012525,-0.001298,0.999936,0.011268,-0.012511,-0.011284,0.999858), 9.8856},
[152] = {CFrame.new(125.200,4.168,239.476,0.999932,0.000202,0.011666,-0.000128,0.999980,-0.006318,-0.011667,0.006316,0.999912), 9.9952},
[153] = {CFrame.new(125.200,4.168,239.476,0.999932,0.000202,0.011666,-0.000128,0.999980,-0.006318,-0.011667,0.006316,0.999912), 9.9968},
[154] = {CFrame.new(125.197,4.165,239.272,0.999932,0.000192,0.011658,-0.000109,0.999974,-0.007177,-0.011659,0.007176,0.999906), 10.0003},
[155] = {CFrame.new(125.174,4.139,237.431,0.999933,0.000120,0.011591,0.000050,0.999892,-0.014672,-0.011591,0.014671,0.999825), 10.0419},
[156] = {CFrame.new(125.116,4.081,232.721,0.999937,-0.000020,0.011256,0.000344,0.999584,-0.028847,-0.011251,0.028849,0.999520), 10.1361},
[157] = {CFrame.new(125.041,4.102,224.149,0.999960,-0.003696,0.008169,0.003907,0.999653,-0.026034,-0.008070,0.026065,0.999628), 10.3121},
[158] = {CFrame.new(124.995,4.096,215.871,0.999991,-0.001937,0.003722,0.002023,0.999729,-0.023190,-0.003676,0.023197,0.999724), 10.4815},
[159] = {CFrame.new(124.968,4.106,209.470,0.999994,-0.002009,0.003000,0.002075,0.999751,-0.022217,-0.002955,0.022223,0.999749), 10.6167},
[160] = {CFrame.new(124.956,4.100,205.271,0.999995,-0.001141,0.002781,0.001210,0.999689,-0.024916,-0.002752,0.024920,0.999686), 10.7022},
[161] = {CFrame.new(125.011,4.088,195.222,0.999892,-0.008678,-0.011852,0.008389,0.999673,-0.024176,0.012058,0.024074,0.999637), 10.9080},
[162] = {CFrame.new(125.011,4.088,195.222,0.999892,-0.008678,-0.011852,0.008389,0.999673,-0.024176,0.012058,0.024074,0.999637), 10.9080},
[163] = {CFrame.new(125.014,4.087,195.020,0.999889,-0.008648,-0.012126,0.008354,0.999675,-0.024103,0.012330,0.023999,0.999636), 10.9128},
[164] = {CFrame.new(125.196,4.072,184.887,0.999815,-0.002727,-0.019031,0.002309,0.999755,-0.021996,0.019087,0.021948,0.999577), 11.1187},
[165] = {CFrame.new(125.204,4.072,184.482,0.999813,-0.002501,-0.019172,0.002083,0.999760,-0.021795,0.019222,0.021751,0.999579), 11.1328},
[166] = {CFrame.new(125.268,4.071,181.041,0.999797,-0.001000,-0.020140,0.000586,0.999789,-0.020523,0.020157,0.020507,0.999587), 11.2033},
[167] = {CFrame.new(125.422,4.072,172.797,0.999771,-0.000175,-0.021383,-0.000252,0.999801,-0.019954,0.021382,0.019955,0.999572), 11.3729},
[168] = {CFrame.new(125.550,4.073,166.411,0.999777,-0.001123,-0.021097,0.000705,0.999804,-0.019806,0.021115,0.019787,0.999581), 11.5082},
[169] = {CFrame.new(125.756,4.073,156.393,0.999762,-0.000695,-0.021795,0.000203,0.999746,-0.022554,0.021805,0.022544,0.999508), 11.7128},
[170] = {CFrame.new(125.761,4.073,156.191,0.999762,-0.000696,-0.021808,0.000202,0.999744,-0.022615,0.021819,0.022605,0.999506), 11.7197},
[171] = {CFrame.new(125.914,4.075,148.874,0.999751,-0.000723,-0.022307,0.000192,0.999717,-0.023797,0.022317,0.023787,0.999468), 11.8693},
[172] = {CFrame.new(125.972,4.083,146.212,0.999750,-0.000227,-0.022339,-0.000327,0.999693,-0.024783,0.022337,0.024784,0.999443), 11.9235},
[173] = {CFrame.new(125.989,4.085,145.387,0.999752,-0.000175,-0.022254,-0.000392,0.999675,-0.025493,0.022252,0.025495,0.999427), 11.9408},
[174] = {CFrame.new(126.012,4.085,144.348,0.999752,-0.000355,-0.022271,-0.000242,0.999640,-0.026817,0.022272,0.026815,0.999392), 11.9615},
[175] = {CFrame.new(126.057,4.083,142.243,0.999752,-0.000514,-0.022270,-0.000153,0.999552,-0.029939,0.022275,0.029935,0.999304), 12.0037},
[176] = {CFrame.new(126.122,4.080,139.232,0.999753,-0.000539,-0.022203,-0.000206,0.999439,-0.033502,0.022208,0.033499,0.999192), 12.0602},
[177] = {CFrame.new(126.187,4.080,135.700,0.999799,0.001640,-0.020004,-0.002328,0.999405,-0.034411,0.019936,0.034450,0.999208), 12.1269},
[178] = {CFrame.new(126.348,4.107,125.630,0.999869,0.000008,-0.016199,-0.000471,0.999591,-0.028605,0.016192,0.028608,0.999460), 12.3089},
[179] = {CFrame.new(126.372,4.109,124.013,0.999865,0.000183,-0.016428,-0.000650,0.999597,-0.028396,0.016416,0.028403,0.999462), 12.3398},
[180] = {CFrame.new(126.451,4.111,118.707,0.999860,0.000106,-0.016708,-0.000573,0.999611,-0.027891,0.016699,0.027896,0.999471), 12.4362},
[181] = {CFrame.new(126.501,4.111,115.263,0.999857,-0.000162,-0.016908,-0.000299,0.999627,-0.027295,0.016906,0.027296,0.999484), 12.4979},
[182] = {CFrame.new(126.548,4.111,112.062,0.999853,-0.000405,-0.017117,-0.000057,0.999635,-0.027001,0.017122,0.026998,0.999489), 12.5583},
[183] = {CFrame.new(126.565,4.111,110.922,0.999852,-0.000470,-0.017205,0.000006,0.999637,-0.026948,0.017211,0.026944,0.999489), 12.5794},
[184] = {CFrame.new(126.613,4.111,107.738,0.999847,-0.000582,-0.017458,0.000113,0.999639,-0.026857,0.017467,0.026851,0.999487), 12.6368},
[185] = {CFrame.new(126.631,4.110,106.604,0.999846,-0.000602,-0.017538,0.000131,0.999640,-0.026837,0.017548,0.026831,0.999486), 12.6565},
[186] = {CFrame.new(126.723,4.110,100.733,0.999839,-0.000588,-0.017923,0.000108,0.999641,-0.026798,0.017932,0.026791,0.999480), 12.7649},
[187] = {CFrame.new(126.890,4.110,90.438,0.999827,-0.000573,-0.018583,0.000070,0.999634,-0.027041,0.018591,0.027035,0.999462), 12.9550},
[188] = {CFrame.new(126.981,4.109,84.428,0.999868,0.002559,-0.016023,-0.002984,0.999643,-0.026554,0.015949,0.026598,0.999519), 13.0692},
[189] = {CFrame.new(126.987,4.099,80.882,0.999900,0.014000,-0.001838,-0.014040,0.999604,-0.024401,0.001496,0.024424,0.999701), 13.1330},
[190] = {CFrame.new(126.906,4.075,75.562,0.999707,0.019686,0.014076,-0.019409,0.999620,-0.019568,-0.014456,0.019289,0.999709), 13.2342},
[191] = {CFrame.new(126.812,4.057,71.784,0.999698,0.015279,0.019257,-0.014941,0.999734,-0.017588,-0.019520,0.017295,0.999660), 13.3082},
[192] = {CFrame.new(126.541,4.080,61.753,0.999691,0.001423,0.024816,-0.000858,0.999741,-0.022758,-0.024842,0.022730,0.999433), 13.4920},
[193] = {CFrame.new(126.287,4.104,51.727,0.999718,-0.000110,0.023761,0.000702,0.999690,-0.024907,-0.023751,0.024917,0.999407), 13.6745},
[194] = {CFrame.new(126.050,4.125,41.641,0.999691,-0.000884,0.024853,0.001374,0.999804,-0.019742,-0.024831,0.019770,0.999496), 13.8600},
[195] = {CFrame.new(125.935,4.096,32.089,0.999917,-0.008196,0.009982,0.008337,0.999865,-0.014149,-0.009864,0.014231,0.999850), 14.0343},
[196] = {CFrame.new(125.900,4.076,24.195,0.999978,-0.003127,0.005841,0.003214,0.999883,-0.014975,-0.005794,0.014994,0.999871), 14.1817},
[197] = {CFrame.new(125.889,4.065,21.053,0.999985,-0.001216,0.005399,0.001298,0.999883,-0.015270,-0.005379,0.015277,0.999869), 14.2394},
[198] = {CFrame.new(125.883,4.060,19.262,0.999986,-0.000382,0.005297,0.000463,0.999881,-0.015415,-0.005291,0.015417,0.999867), 14.2733},
[199] = {CFrame.new(125.827,4.052,9.223,0.999943,0.004259,0.009825,-0.004097,0.999856,-0.016468,-0.009894,0.016427,0.999816), 14.4591},
[200] = {CFrame.new(125.787,4.052,6.549,0.999849,0.007917,0.015475,-0.007664,0.999838,-0.016305,-0.015601,0.016184,0.999747), 14.5105},
[201] = {CFrame.new(125.767,4.052,5.436,0.999818,0.008691,0.016996,-0.008420,0.999837,-0.015943,-0.017132,0.015797,0.999728), 14.5321},
[202] = {CFrame.new(125.584,4.050,-3.021,0.999719,0.006305,0.022857,-0.005929,0.999847,-0.016483,-0.022958,0.016343,0.999603), 14.6896},
[203] = {CFrame.new(125.526,4.049,-5.476,0.999706,0.005008,0.023737,-0.004611,0.999849,-0.016732,-0.023817,0.016618,0.999578), 14.7363},
[204] = {CFrame.new(125.447,4.048,-8.821,0.999688,0.003558,0.024741,-0.003159,0.999865,-0.016145,-0.024795,0.016061,0.999564), 14.7982},
[205] = {CFrame.new(125.394,4.048,-11.049,0.999678,0.002914,0.025208,-0.002512,0.999870,-0.015951,-0.025251,0.015883,0.999555), 14.8397},
[206] = {CFrame.new(125.283,4.048,-15.735,0.999661,0.002140,0.025952,-0.001717,0.999865,-0.016314,-0.025983,0.016264,0.999530), 14.9276},
[207] = {CFrame.new(125.272,4.048,-16.181,0.999659,0.002108,0.026021,-0.001684,0.999866,-0.016311,-0.026052,0.016261,0.999528), 14.9364},
[208] = {CFrame.new(125.246,4.048,-17.297,0.999655,0.002029,0.026182,-0.001605,0.999867,-0.016234,-0.026212,0.016186,0.999525), 14.9565},
[209] = {CFrame.new(125.000,4.048,-27.332,0.999620,0.001595,0.027532,-0.001145,0.999865,-0.016361,-0.027554,0.016324,0.999487), 15.1400},
[210] = {CFrame.new(124.753,4.048,-36.922,0.999583,0.001527,0.028839,-0.001060,0.999868,-0.016230,-0.028860,0.016192,0.999452), 15.3234},
[211] = {CFrame.new(124.694,4.048,-39.156,0.999574,0.001484,0.029157,-0.001008,0.999866,-0.016362,-0.029178,0.016325,0.999441), 15.3665},
[212] = {CFrame.new(124.664,4.048,-40.272,0.999569,0.001496,0.029318,-0.001020,0.999867,-0.016273,-0.029338,0.016236,0.999438), 15.3864},
[213] = {CFrame.new(124.647,4.048,-40.941,0.999566,0.001508,0.029412,-0.001032,0.999868,-0.016200,-0.029432,0.016163,0.999436), 15.3996},
[214] = {CFrame.new(124.599,4.048,-42.724,0.999559,0.001546,0.029659,-0.001069,0.999870,-0.016071,-0.029680,0.016032,0.999431), 15.4313},
[215] = {CFrame.new(124.562,4.048,-44.061,0.999555,0.001526,0.029784,-0.001048,0.999871,-0.016055,-0.029804,0.016017,0.999427), 15.4561},
[216] = {CFrame.new(124.551,4.048,-44.507,0.999556,0.001460,0.029759,-0.000983,0.999870,-0.016064,-0.029778,0.016028,0.999428), 15.4640},
[217] = {CFrame.new(124.468,4.050,-48.075,0.999671,-0.002839,0.025496,0.003276,0.999848,-0.017124,-0.025443,0.017202,0.999528), 15.5307},
[218] = {CFrame.new(124.460,4.051,-48.523,0.999695,-0.003623,0.024444,0.004051,0.999839,-0.017460,-0.024377,0.017554,0.999549), 15.5399},
[219] = {CFrame.new(124.440,4.051,-49.643,0.999750,-0.004985,0.021809,0.005379,0.999823,-0.018047,-0.021715,0.018160,0.999599), 15.5601},
[220] = {CFrame.new(124.417,4.051,-50.990,0.999803,-0.005896,0.018975,0.006244,0.999812,-0.018334,-0.018863,0.018449,0.999652), 15.5851},
[221] = {CFrame.new(124.407,4.051,-51.663,0.999821,-0.006263,0.017829,0.006588,0.999812,-0.018233,-0.017712,0.018347,0.999675), 15.5981},
[222] = {CFrame.new(124.294,4.049,-61.731,0.999946,-0.004268,0.009513,0.004416,0.999869,-0.015572,-0.009445,0.015613,0.999834), 15.7823},
[223] = {CFrame.new(124.285,4.049,-62.627,0.999950,-0.003879,0.009238,0.004026,0.999865,-0.015918,-0.009175,0.015954,0.999831), 15.8023},
[224] = {CFrame.new(124.275,4.049,-63.753,0.999954,-0.003364,0.008976,0.003518,0.999846,-0.017175,-0.008916,0.017206,0.999812), 15.8229},
[225] = {CFrame.new(124.202,4.048,-73.090,0.999986,-0.003725,0.003795,0.003792,0.999832,-0.017939,-0.003728,0.017953,0.999832), 15.9947},
[226] = {CFrame.new(124.229,4.056,-76.975,0.999838,-0.014892,-0.010120,0.014702,0.999719,-0.018612,0.010394,0.018460,0.999776), 16.0639},
[227] = {CFrame.new(124.229,4.056,-76.975,0.999838,-0.014892,-0.010120,0.014702,0.999719,-0.018612,0.010394,0.018460,0.999776), 16.0659},
[228] = {CFrame.new(124.236,4.056,-77.434,0.999804,-0.016010,-0.011667,0.015791,0.999701,-0.018651,0.011963,0.018463,0.999758), 16.0739},
[229] = {CFrame.new(124.475,4.052,-86.360,0.999521,-0.014702,-0.027224,0.014314,0.999794,-0.014393,0.027430,0.013997,0.999526), 16.2355},
[230] = {CFrame.new(124.513,4.052,-87.499,0.999522,-0.013031,-0.028039,0.012636,0.999819,-0.014221,0.028219,0.013860,0.999506), 16.2567},
[231] = {CFrame.new(124.782,4.048,-95.696,0.999515,-0.003039,-0.030978,0.002545,0.999869,-0.015969,0.031022,0.015882,0.999393), 16.4067},
[232] = {CFrame.new(124.995,4.047,-102.528,0.999495,-0.001271,-0.031744,0.000754,0.999867,-0.016293,0.031761,0.016260,0.999363), 16.5311},
[233] = {CFrame.new(125.156,4.047,-107.765,0.999489,-0.001191,-0.031930,0.000672,0.999867,-0.016276,0.031946,0.016246,0.999358), 16.6263},
[234] = {CFrame.new(125.467,4.047,-117.784,0.999472,-0.001083,-0.032485,0.000554,0.999867,-0.016289,0.032498,0.016263,0.999339), 16.8081},
[235] = {CFrame.new(125.728,4.050,-127.781,0.999730,0.003426,-0.022996,-0.003785,0.999871,-0.015611,0.022940,0.015694,0.999614), 16.9922},
[236] = {CFrame.new(125.946,4.048,-137.804,0.999812,0.001519,-0.019325,-0.001830,0.999869,-0.016089,0.019298,0.016121,0.999684), 17.1767},
[237] = {CFrame.new(126.146,4.066,-147.808,0.999862,0.001363,-0.016580,-0.001682,0.999813,-0.019244,0.016550,0.019269,0.999677), 17.3586},
[238] = {CFrame.new(126.222,4.075,-151.904,0.999867,0.000591,-0.016276,-0.000935,0.999776,-0.021144,0.016260,0.021156,0.999644), 17.4363},
[239] = {CFrame.new(126.297,4.075,-155.776,0.999891,-0.000064,-0.014784,-0.000241,0.999786,-0.020675,0.014782,0.020676,0.999677), 17.5067},
[240] = {CFrame.new(126.461,4.085,-165.791,0.999857,0.001532,-0.016842,-0.001876,0.999789,-0.020474,0.016807,0.020503,0.999649), 17.6882},
[241] = {CFrame.new(126.631,4.083,-175.806,0.999896,-0.000275,-0.014439,-0.000047,0.999752,-0.022274,0.014442,0.022273,0.999648), 17.8727},
[242] = {CFrame.new(126.795,4.088,-185.822,0.999920,-0.000052,-0.012608,-0.000245,0.999723,-0.023533,0.012606,0.023534,0.999644), 18.0553},
[243] = {CFrame.new(126.943,4.095,-195.839,0.999940,0.000085,-0.010930,-0.000360,0.999684,-0.025121,0.010925,0.025124,0.999625), 18.2381},
[244] = {CFrame.new(127.076,4.106,-205.855,0.999957,0.000170,-0.009266,-0.000422,0.999630,-0.027182,0.009258,0.027184,0.999588), 18.4233},
[245] = {CFrame.new(127.137,4.103,-215.875,0.999940,0.010437,0.003410,-0.010346,0.999618,-0.025634,-0.003676,0.025597,0.999666), 18.6066},
[246] = {CFrame.new(127.137,4.103,-215.875,0.999940,0.010437,0.003410,-0.010346,0.999618,-0.025634,-0.003676,0.025597,0.999666), 18.6066},
[247] = {CFrame.new(127.136,4.103,-216.102,0.999937,0.010610,0.003735,-0.010511,0.999620,-0.025497,-0.004004,0.025456,0.999668), 18.6096},
[248] = {CFrame.new(127.033,4.088,-226.113,0.999912,0.006348,0.011663,-0.006065,0.999690,-0.024159,-0.011813,0.024086,0.999640), 18.7907},
[249] = {CFrame.new(126.934,4.085,-234.080,0.999902,0.001772,0.013901,-0.001446,0.999725,-0.023416,-0.013938,0.023394,0.999629), 18.9410},
[250] = {CFrame.new(126.810,4.086,-244.327,0.999876,0.001085,0.015733,-0.000713,0.999721,-0.023627,-0.015754,0.023612,0.999597), 19.1251},
[251] = {CFrame.new(126.735,4.080,-254.360,0.999977,-0.005097,0.004448,0.005200,0.999711,-0.023456,-0.004327,0.023479,0.999715), 19.3092},
[252] = {CFrame.new(126.731,4.067,-264.432,0.999995,-0.002380,-0.001873,0.002344,0.999812,-0.019230,0.001919,0.019225,0.999813), 19.4921},
[253] = {CFrame.new(126.742,4.064,-274.458,0.999991,-0.001148,-0.004054,0.001072,0.999826,-0.018649,0.004074,0.018644,0.999818), 19.6742},
[254] = {CFrame.new(126.763,4.062,-284.485,0.999984,-0.001028,-0.005640,0.000923,0.999828,-0.018509,0.005658,0.018504,0.999813), 19.8595},
[255] = {CFrame.new(126.788,4.062,-291.775,0.999977,-0.000952,-0.006730,0.000827,0.999828,-0.018529,0.006747,0.018523,0.999806), 19.9946},
[256] = {CFrame.new(126.806,4.062,-295.876,0.999973,-0.000919,-0.007327,0.000783,0.999826,-0.018653,0.007343,0.018647,0.999799), 20.0691},
[257] = {CFrame.new(126.820,4.062,-298.838,0.999969,-0.000893,-0.007767,0.000748,0.999826,-0.018656,0.007782,0.018650,0.999796), 20.1233},
[258] = {CFrame.new(126.823,4.062,-299.521,0.999969,-0.000888,-0.007863,0.000741,0.999825,-0.018666,0.007878,0.018660,0.999795), 20.1359},
[259] = {CFrame.new(126.881,4.063,-309.546,0.999956,-0.000803,-0.009338,0.000625,0.999818,-0.019051,0.009352,0.019045,0.999775), 20.3160},
[260] = {CFrame.new(126.907,4.064,-313.418,0.999951,-0.000782,-0.009910,0.000592,0.999817,-0.019134,0.009923,0.019127,0.999768), 20.3903},
[261] = {CFrame.new(126.986,4.066,-323.443,0.999935,-0.000722,-0.011414,0.000498,0.999807,-0.019626,0.011426,0.019619,0.999742), 20.5727},
[262] = {CFrame.new(127.079,4.069,-333.468,0.999916,-0.000685,-0.012919,0.000425,0.999796,-0.020188,0.012931,0.020181,0.999713), 20.7537},
[263] = {CFrame.new(127.187,4.072,-343.493,0.999895,-0.000677,-0.014449,0.000376,0.999782,-0.020862,0.014460,0.020854,0.999678), 20.9365},
[264] = {CFrame.new(127.313,4.076,-353.745,0.999871,-0.000675,-0.016039,0.000326,0.999764,-0.021715,0.016050,0.021707,0.999636), 21.1263},
[265] = {CFrame.new(127.451,4.082,-363.768,0.999845,-0.000691,-0.017618,0.000290,0.999742,-0.022723,0.017629,0.022714,0.999587), 21.3086},
[266] = {CFrame.new(127.555,4.086,-370.602,0.999825,-0.000711,-0.018710,0.000271,0.999723,-0.023553,0.018721,0.023544,0.999547), 21.4355},
[267] = {CFrame.new(127.662,4.084,-380.611,0.999956,0.004728,-0.008102,-0.004907,0.999742,-0.022195,0.007995,0.022234,0.999721), 21.6179},
[268] = {CFrame.new(127.704,4.074,-390.625,0.999995,0.002369,-0.002052,-0.002411,0.999781,-0.020778,0.002002,0.020783,0.999782), 21.8025},
[269] = {CFrame.new(127.726,4.071,-397.912,0.999999,0.001579,-0.000235,-0.001584,0.999788,-0.020526,0.000203,0.020527,0.999789), 21.9367},
[270] = {CFrame.new(127.747,4.071,-407.932,0.999998,0.001351,0.001514,-0.001320,0.999788,-0.020530,-0.001542,0.020528,0.999788), 22.1188},
[271] = {CFrame.new(127.753,4.072,-416.814,0.999995,0.001201,0.002949,-0.001140,0.999784,-0.020729,-0.002973,0.020725,0.999781), 22.2830},
[272] = {CFrame.new(127.699,4.067,-422.955,0.999774,0.012976,0.016837,-0.012654,0.999738,-0.019066,-0.017080,0.018848,0.999676), 22.3927},
[273] = {CFrame.new(127.699,4.067,-422.955,0.999774,0.012976,0.016837,-0.012654,0.999738,-0.019066,-0.017080,0.018848,0.999676), 22.3941},
[274] = {CFrame.new(127.694,4.067,-423.182,0.999751,0.013653,0.017676,-0.013319,0.999734,-0.018855,-0.017929,0.018615,0.999666), 22.3978},
[275] = {CFrame.new(127.356,4.051,-433.154,0.999287,0.014413,0.034907,-0.013856,0.999774,-0.016126,-0.035131,0.015630,0.999260), 22.5780},
[276] = {CFrame.new(126.969,4.050,-443.164,0.999427,-0.002758,0.033747,0.003306,0.999863,-0.016210,-0.033697,0.016312,0.999299), 22.7618},
[277] = {CFrame.new(126.880,4.052,-446.123,0.999569,-0.006119,0.028703,0.006602,0.999837,-0.016785,-0.028596,0.016967,0.999447), 22.8192},
[278] = {CFrame.new(126.779,4.051,-450.012,0.999662,-0.006962,0.025032,0.007398,0.999822,-0.017369,-0.024907,0.017548,0.999536), 22.8904},
[279] = {CFrame.new(126.594,4.048,-458.220,0.999769,-0.003685,0.021194,0.004009,0.999876,-0.015242,-0.021135,0.015323,0.999659), 23.0397},
[280] = {CFrame.new(126.525,4.049,-461.409,0.999792,-0.002732,0.020226,0.003052,0.999871,-0.015781,-0.020181,0.015839,0.999671), 23.0982},
[281] = {CFrame.new(126.475,4.051,-464.373,0.999864,-0.005668,0.015518,0.005928,0.999842,-0.016732,-0.015421,0.016822,0.999740), 23.1523},
[282] = {CFrame.new(126.413,4.059,-474.421,0.999964,-0.007875,0.003286,0.007929,0.999832,-0.016549,-0.003155,0.016574,0.999858), 23.3331},
[283] = {CFrame.new(126.410,4.055,-476.471,0.999977,-0.006347,0.002518,0.006386,0.999855,-0.015803,-0.002417,0.015819,0.999872), 23.3727},
[284] = {CFrame.new(126.401,4.056,-484.446,0.999996,-0.002476,0.001548,0.002498,0.999896,-0.014218,-0.001513,0.014222,0.999898), 23.5176},
[285] = {CFrame.new(126.400,4.055,-485.584,0.999997,-0.002070,0.001607,0.002093,0.999894,-0.014437,-0.001577,0.014440,0.999894), 23.5395},
[286] = {CFrame.new(126.398,4.058,-488.316,0.999998,-0.001241,0.001738,0.001268,0.999875,-0.015780,-0.001718,0.015782,0.999874), 23.5895},
[287] = {CFrame.new(126.397,4.081,-490.127,0.999998,-0.000812,0.001793,0.000849,0.999784,-0.020749,-0.001775,0.020751,0.999783), 23.6231},
[288] = {CFrame.new(126.396,4.099,-491.029,0.999998,-0.000724,0.001729,0.000766,0.999701,-0.024456,-0.001711,0.024457,0.999699), 23.6406},
[289] = {CFrame.new(126.397,4.124,-492.155,0.999999,-0.001219,0.001199,0.001254,0.999561,-0.029604,-0.001162,0.029605,0.999561), 23.6611},
[290] = {CFrame.new(126.409,4.206,-495.992,0.999989,-0.003711,-0.002968,0.003567,0.998882,-0.047136,0.003140,0.047124,0.998884), 23.7306},
[291] = {CFrame.new(126.410,4.211,-496.218,0.999988,-0.003722,-0.003203,0.003564,0.998839,-0.048031,0.003378,0.048019,0.998841), 23.7360},
